6
1306021681000000
810132673000000
18446744073709551615
519698901000000
1470250995000000
727994860000000


64 110 93 222 209      163 4 0                           
0000000000000100101000111101000111011110010111010110111001000000 1306021681000000
64 242 49 182 207     224 2 0 
0000000000000010111000001100111110110110001100011111001001000000 810132673000000
64 95 98 212 169      216 1 0 
0000000000000001110110001010100111010100011000100101111101000000 519698901000000
192 162 73 124 47       57 5 0 
0000000000000101001110010010111101111100010010011010001011000000 1470250995000000
0 83 7 131 27          150 2 0 
0000000000000010100101100001101110000011000001110101001100000000 727994860000000